.5
.8
.833333333
.952380952
1
.952380952
.952380952
.952380952
1
1
1
1
1
1
1
1
.2
.5
.555555556
.833333333
1
.833333333
.833333333
.833333333
1
1
1
1
1
1
1
1
.166666667
.444444444
.5
.8
1
.8
.8
.8
1
1
1
1
1
1
1
1
.047619048
.166666667
.2
.5
1
.5
.5
.5
1
1
1
1
1
1
1
1
0
0
0
0
0
0
0
0
0
0
0
0
0
0
0
0
.047619048
.166666667
.2
.5
1
.5
.5
.5
1
1
1
1
1
1
1
1
.047619048
.166666667
.2
.5
1
.5
.5
.5
1
1
1
1
1
1
1
1
.047619048
.166666667
.2
.5
1
.5
.5
.5
1
1
1
1
1
1
1
1
0
0
0
0
0
0
0
0
0
0
0
0
0
0
0
0
0
0
0
0
0
0
0
0
0
0
0
0
0
0
0
0
0
0
0
0
0
0
0
0
0
0
0
0
0
0
0
0
0
0
0
0
0
0
0
0
0
0
0
0
0
0
0
0
0
0
0
0
0
0
0
0
0
0
0
0
0
0
0
0
0
0
0
0
0
0
0
0
0
0
0
0
0
0
0
0
0
0
0
0
0
0
0
0
0
0
0
0
0
0
0
0
0
0
0
0
0
0
0
0
0
0
0
0
0
0
0
0


