0
0.66
0.7826086956522
0
0
0.947368421052632
0.947368421052632
0
0
0.981818181818182
0.947368421052632
0
0
1
1
0
0.341463415
0
0
0.682926829268293
0.82352941176471
0
0
0.848484848484849
0.96551724137931
0
0
1
1
0
0
1
0.217391304347826
0
0
0.535714285714286
0.714285714
0
0
0.75
0.9375
0
0
1
1
0
0
1
0
0.317073170731707
0.464285714285714
0
0.684210526315789
.8125
0
0
0
0.928571428571429
.8125
0
0
1
1
0
0
0.176470588235294
0.285714286
0
0
0.666666666666667
0.666666666666667
0
0
0.857142857142857
0.666666666666667
0
0
1
1
0
0.0545454545454545
0
0
.1875
0.333333333333333
0
0
.375
.75
0
0
1
1
0
0
1
0.037037037037037
0
0
0.133333333333333
.25
0
0
0.285714285714286
0.666666666666667
0
0
1
1
0
0
1
0
0.151515151515152
0.25
0
0
.625
0.625
0
0
0.833333333333333
.625
0
0
1
1
0
0
0.0344827586206897
0.0625
0
0
.25
0.25
0
0
.5
.25
0
0
1
1
0
0.0181818181818182
0
0
0.0714285714285714
0.142857142857143
0
0
0.166666666666667
.5
0
0
1
1
0
0
1
0.0526315789473684
0
0
.1875
0.333333333333333
0
0
.375
.75
0
0
1
1
0
0
1
0
0
0
0
0
0
0
0
0
0
0
0
0
0
0
0
0
0
0
0
0
0
0
0
0
0
0
0
0
0
0
0
0
0
0
0
0
0
0
0
0
0
0
0
0
0
0
0
0
0
0
0
0
0
0
0
0
0
0
0
0
0
0
0
0
0
0
0
0
0
0
0
0
0
0
0
0
0
0
0
