.5
0.711111111
0.780487805
0.914285714
0.914285714
0.941176471
0.96969697
0.914285714
1
1
1
1
1
1
1
1
0.288888889
.5
0.590909091
.8125
.8125
0.866666667
0.928571429
0.8125
1
1
1
1
1
1
1
1
0.219512195
0.409090909
.5
.75
.75
.818181818
.9
.75
1
1
1
1
1
1
1
1
0.085714286
.1875
.25
.5
.5
.6
.75
.5
1
1
1
1
1
1
1
1
0.085714286
.1875
.25
.5
.5
.6
.75
.5
1
1
1
1
1
1
1
1
0.058823529
.1333333333
.1818181818
.4
.4
.5
.6666666667
.4
1
1
1
1
1
1
1
1
.0303030303
.071428571
.1
.25
.25
.3333333333
.5
.25
1
1
1
1
1
1
1
1
.085714286
.1875
.25
.5
.5
.6
.75
.5
1
1
1
1
1
1
1
1
0
0
0
0
0
0
0
0
0
0
0
0
0
0
0
0
0
0
0
0
0
0
0
0
0
0
0
0
0
0
0
0
0
0
0
0
0
0
0
0
0
0
0
0
0
0
0
0
0
0
0
0
0
0
0
0
0
0
0
0
0
0
0
0
0
0
0
0
0
0
0
0
0
0
0
0
0
0
0
0
0
0
0
0
0
0
0
0
0
0
0
0
0
0
0
0
0
0
0
0
0
0
0
0
0
0
0
0
0
0
0
0
0
0
0
0
0
0
0
0
0
0
0
0
0
0
0
0
