0
0
0
0
0
0
0
0
0
0
0
0
0
0
0
1
0
0
0
0
0
0
0
0
0
0
0
0
0
0
0.93939394
0
0
0
0
0
0
0
0
0
0
0
0
0
0
0.84090909
0
0
0
0
0
0
0
0
0
0
0
0
0
0
0.8030303
0
0
0
0
0
0
0
0
0
0
0
0
0
0
0.64393939
0
0
0
0
0
0
0
0
0
0
0
0
0
0
0.62878788
0
0
0
0
0
0
0
0
0
0
0
0
0
0
0.61363636
0
0
0
0
0
0
0
0
0
0
0
0
0
0
.50757576
0
0
0
0
0
0
0
0
0
0
0
0
0
0
.49242424
0
0
0
0
0
0
0
0
0
0
0
0
0
0
.38636364
0
0
0
0
0
0
0
0
0
0
0
0
0
0
.37121212
0
0
0
0
0
0
0
0
0
0
0
0
0
0
.35606061
0
0
0
0
0
0
0
0
0
0
0
0
0
0
.1969697
0
0
0
0
0
0
0
0
0
0
0
0
0
0
.1590909
0
0
0
0
0
0
0
0
0
0
0
0
0
0
.06060606
0
0
0
0
0
0
0
0
0
0
0
0
0
0
0
0
0
0
0
0
0
0
0
0
0
0
0
0
0
0
