0
0
0
0
0
0
0
0.897637795275591
0.9579831932773110
0
0
0
0
0
0
0 
0
0
0
0
0
0
0.768518518518518
0
0
0.783018867924528
0
0
0
0
0
0
0
0
0
0
0
0.618181818181818
0
0
0
0
0.772727272727273
0
0
0
0
0
0
0
0
0
0.59433962264151
0
0
0
0
0
0
0.759036144578313
0
0
0
0
0
0
0
0.40952380952381
0
0
0
0
0
0
0
0
0.877551020408163
0
0
0
0
0
0.381818181818182
0
0
0
0
0
0
0
0
0
0
0.954545454545455
0
0
0
0.233644859813084
0
0
0
0
0
0
0
0
0
0
0
0
0.961538461538462
0
0.1023622047244090
0
0
0
0
0
0
0
0
0
0
0
0
0
0
1
0.0420168067226891
0
0
0
0
0
0
0
0
0
0
0
0
0
0
1
0
0.216981132075472
0
0
0
0
0
0
0
0
0
0
0
0
0.958333333333333
0
0
0
0.227272727272727
0
0
0
0
0
0
0
0
0
0
0.909090909090909
0
0
0
0
0
0.240963855421687
0
0
0
0
0
0
0
0
0.769230769230769
0
0
0
0
0
0
0
0.122448979591837
0
0
0
0
0
0
0.230769230769231
0
0
0
0
0
0
0
0
0
0.0454545454545455
0
0
0
0
0.0909090909090909
0
0
0
0
0
0 
0
0
0
0
0
0.0384615384615385
0
0
0.0416666666666667
0
0
0
0
0
0
0
0
0
0
0
0
0
0
0
0
0
0
0
0
0
0
