0 
0
0
0.81415929203540
0.920000000000000
0
0
0
0
0
0
0.989247311827957
1
0
0
0 
0
0
0.655913978494624
0
0
0.813333333333333
0
0
0
0
0.897058823529412
0
0
1
0
0
0
0.344086021505376
0
0
0
0
0.762
0
0
0.8
0
0
0
0
1
0
0.18584070796460
0
0
0
0
0
0
0.724137931034483
0.913043478260870
0
0
0
0
0
0
1
0.08
0
0
0
0
0
0
.5
.8
0
0
0
0
0
0
1
0
0.186666666666667
0
0
0
0
0.583333333333333
0
0
0.636363636363636
0
0
0
0
1
0
0
0
0.238095238
0
0
0.416666666666667
0
0
0
0
0.588235294
0
0
1
0
0
0
0
0
0.275862068965517
.5
0
0
0
0
0
0
0.888888888888889
1
0
0
0
0
0
0
0.0869565217391304
.2
0
0
0
0
0
0
0.666666666666667
1
0
0
0
0
0
0.20000000000000
0
0
0.363636363636364
0
0
0
0
0.533333333333333
0
0
1
0
0
0
0.1029411764705880
0
0
0
0
0.411764706
0
0
0.466666666666667
0
0
0
0
1
0
0.0107526881720430
0
0
0
0
0
0
0.111111111111111
0.333333333333333
0
0
0
0
0
0
1
0
0
0
0
0
0
0
0
0
0
0
0
0
0
0
0
0
0
0
0
0
0
0
0
0
0
0
0
0
0
0
0
0
0
0
0
0
0
0
0
0
0
0
0
0
0
0
0
0
0
0
0
0
0
0
0
0
0
0
0
0
0
0
0
